median           24       21       21     24.0
sd             15.3     16.1     14.4     14.7
over35        0.225    0.114    0.161    0.267
we_start       0.08    0.134    0.051    0.067
our            2.75      1.3     0.96     2.09
passive        9.71     4.97    10.74     4.87
hedge          2.83     3.03     1.76     1.39
note           1.38     2.16     1.28     0.87
however        0.81     1.51     0.64      0.7
while_          1.7     0.65     0.64     1.56
because        0.32      0.0     0.64     0.35
since          2.51     2.38     0.96     2.09
egie           0.08     0.87     1.76     0.17
question       7.36     1.08     0.32     0.17
ref_sent       0.08    0.114    0.082    0.224
so             0.73     0.22     0.32     0.35
andthe         0.73      0.0     0.48     1.74
