sents           449      201      255      209
words         12360     4624     6240     5688
mean           27.5     23.0     24.5     27.2
median           24       21       21       24
sd             15.3     16.1     14.4     14.7
under8        0.022    0.075    0.043      0.0
under12       0.073    0.164    0.157    0.153
over35        0.225    0.114    0.161    0.268
we            10.36    24.44     6.25     10.2
our            2.75      1.3     0.96     4.92
we_start       0.08    0.134    0.051    0.167
sub_start     0.227    0.224    0.141     0.22
num_sent      0.439    0.507    0.651    0.636
digits       135.44   103.16    78.53    73.84
ref_sent       0.08    0.114    0.082    0.225
cite_sent     0.036    0.015    0.024      0.0
hedge          2.83     3.03     1.76     1.05
find           0.24     1.08     0.32     0.53
contract        0.0      0.0      0.0     4.22
semicolon      2.27     1.51     3.21      0.0
colon          3.24      9.3     8.17      0.0
dash            0.4     1.08     0.32      0.0
paren         25.73     7.14    43.75    14.24
egie           0.08     0.87     1.76      0.0
commas         1.16     1.13     1.63     1.62
so             0.73     0.22     0.32     0.53
andthe         0.73      0.0     0.48      0.7
which          1.29     1.51      1.6     1.76
because        0.32      0.0     0.64     1.05
since          2.51     2.38     0.96     1.58
therefore      1.94      1.3      2.4     1.41
however        0.81     1.51     0.64     0.18
while_          1.7     0.65     0.64     2.64
note           1.38     2.16     1.28      0.0
question       7.36     1.08     0.32      0.0
passive        9.71     4.97    10.74     1.76
