paper                                  sents    mean  median      sd     p10     p90  under8 under12  over35      we     our   hedge contrac notXbut semicol   colon    dash however    thus note_th crucial signifi passive
A_Metric_Learning_Reality_Check          361    19.8      19     9.4      10      31   0.058   0.188   0.064    7.27    1.82    2.24     0.0     0.0     0.0   27.26     0.0    0.28     0.7    0.42    0.14    0.56    6.15
A_Sober_Look_at_Progress_in_Langua       701    17.1      14    13.0       6      34   0.231   0.427   0.088    7.41    2.91     1.0    0.08    0.25    5.33   23.48     2.0    0.33    0.08    0.17    0.75     1.5    1.91
Accounting_for_Variance_in_Machine       737    17.9      15    11.7       6      32   0.157   0.326   0.071   17.02    3.93    1.82     0.0    0.23    2.65    7.94     0.0    0.83    0.98    0.45     0.3    1.13    6.96
Accuracy_on_the_Line_On_the_Strong      1347    18.4      16    11.7       7      34   0.184   0.356   0.085   15.27    3.95    2.18     0.0    0.28    0.68    9.59    0.52    0.97    0.16    0.32    0.52    0.52    2.98
Adding_Error_Bars_to_Evals               188    25.6    22.0    16.8       9      43   0.069   0.138   0.176   13.74    1.66    6.24     0.0    0.21    2.29   11.86     0.0    0.21    0.62    1.04    0.42    0.42    8.74
Are_GANs_Created_Equal_A_Large_Sca       379    17.2      16    10.0       6      31   0.169   0.348   0.042   16.75    1.38    3.07     0.0     0.0     0.0    8.76    0.31    0.61     0.0    0.31    0.77    1.08    7.84
Constructing_Confidence_Intervals_       824    21.7    19.0    13.5       7      40    0.12   0.277   0.141   11.73    2.35    3.18     0.0    0.06    1.68    9.88    0.11     1.4    0.11    0.78    0.84    0.22    9.33
DataDecide                               366    21.2    16.0    16.3       7      39   0.126   0.331   0.134   11.59    4.63    0.64     0.0     0.0     2.7    11.2    0.64    0.39    0.13    0.13    0.13    0.13    3.86
Deep_Reinforcement_Learning_at_the       665    17.2      13    12.4       6      35   0.238   0.451   0.092   10.75     2.1    2.53    0.09    0.09    0.17   12.76     0.0    0.96    0.09    0.26    1.31    1.05    4.98
Deep_Reinforcement_Learning_that_M       421    17.3      16     9.7       6      30   0.169   0.333   0.043   17.27    5.76    2.74    0.14    0.41   19.73    9.59    0.27    1.51    0.27    0.41     0.0    2.33     6.3
Do_ImageNet_Classifiers_Generalize      1227    17.6      17     9.2       7      30   0.133   0.298   0.039   14.77   10.97    3.61     0.0    0.05    0.05   12.09     0.0    0.97     0.0    0.28    0.69    1.94    2.96
Evaluating_Large_Language_Models_T      1126    19.5    16.0    13.7       7      36   0.161   0.334   0.103   12.31    2.28    8.29    0.14    0.23     2.6   23.06     0.0    1.05    0.41    0.32    0.27    0.55    6.15
Fine_Tuning_Pretrained_Language_Mo       266    20.8    20.0    11.0       7      35   0.132   0.218   0.094   16.46     4.7    2.53     0.0     0.0    6.69   10.13    0.72    0.18    0.72    0.36    0.54    1.27    5.43
Fluid_Benchmarking_Hofmann               434    19.4    16.0    14.1       6      37   0.182   0.332   0.122   14.51    2.26     1.9     0.0     0.0    5.35    9.75    1.55    0.48    0.24     0.0    0.71    0.12    3.81
Green_AI                                 317    19.1      17    11.2       7      35   0.123    0.29   0.088    7.27    1.49    2.15    0.17    0.17    1.49   10.08    1.32    0.17    0.66    0.17    0.17    0.33    5.95
Holistic_Evaluation_of_Language_Mo      4263    19.7      16    14.4       6      39   0.198   0.358   0.131    16.5    2.86    2.79    0.01    0.13    3.31   13.82    0.31    0.55    0.13    0.46    0.64    0.58    5.25
Macro_Micro_Effects_of_Random_Seed       169    20.6      19    13.1       6      38   0.148   0.284   0.124   10.05    6.32    2.01     0.0     0.0    3.45   14.36    0.86    0.57     0.0     0.0    2.87    2.58    4.31
Measuring_all_the_noises_of_LLM_Ev       449    19.3      18    11.1       6      34   0.145   0.263    0.08   14.09    2.43    3.35     0.0     0.0    1.73   11.32    0.23    0.58    1.39     0.0    0.12    2.08     8.2
Measuring_the_Reliability_of_Reinf       392    17.9    16.0    11.4       7      32   0.153   0.352   0.077   15.14     2.0    1.29     0.0     0.0    1.71   19.28     0.0    0.29    0.57    0.57     1.0     1.0    6.85
OLMo_2_Furious                           938    18.8    16.0    12.2       7      36   0.186   0.365   0.103   18.36    4.65    1.25     0.0    0.11    3.63   20.45    0.45    0.23    0.11    0.28    0.51    0.34    5.27
On_the_State_of_the_Art_of_Evaluat       245    18.8      16    13.0       6      36   0.163   0.331   0.102    9.77    4.12    2.82     0.0    0.22    0.22   11.72     0.0    1.09    0.43     0.0    0.43    0.22    8.03
PolyPythias                              626    17.7    15.0    12.8       5      33   0.227   0.371   0.078    13.1    1.54    1.08     0.0    0.09    4.43    9.85    1.45    0.54    0.45    0.27    0.18    0.18    2.89
Pythia_A_Suite_for_Analyzing_Large       719    19.5      15    14.6       7      40   0.172   0.366   0.131    11.6    3.56    1.42     0.0     0.0     4.2   15.37    0.43    0.28    0.21    0.21    0.36    0.28     3.7
Quantifying_Variance_in_Evaluation       386    21.7    19.0    14.8       7      39   0.153   0.269    0.15   17.54    4.18    3.34     0.0     0.0    2.86   12.29    0.12     0.6    0.48    0.24     0.6    0.24     3.1
Randomness_In_Neural_Network_Train       437    18.0      14    13.1       5      34   0.197   0.398   0.087   12.07    3.56    2.16     0.0     0.0     4.7   18.68     0.0    1.14     1.4    0.38    0.64    0.89    3.18
Show_Your_Work_Improved_Reporting_       319    18.7      15    13.0       6      36   0.163   0.317     0.1   17.58    7.03    3.01     0.0    0.17    3.68   10.05     0.0    0.67     1.0    0.84    0.33     0.0    3.85
Signal_and_Noise                         526    20.1    17.0    12.9       7      38   0.173    0.34   0.127   19.35    3.68     1.7     0.0     0.0    0.76   15.01     0.0    0.38    0.19     0.0    0.38    0.19    2.08
The_Benchmark_Lottery                    879    21.2      18    14.6       7      40   0.158   0.311   0.152    5.89    0.43    3.21     0.0    0.32    5.25   12.11     0.0    0.48    0.48    0.43    0.27    0.64    5.68
Troubling_Trends_in_Machine_Learni       476    17.1    14.0    11.5       6      32    0.17   0.397   0.063    7.49     1.6    7.12    0.12    0.12    1.23    8.72    1.72    1.35    0.25    0.37     0.0    0.37    3.93
When_1_Percent_Is_Not_Enough_A_Pai       205    19.7      18    11.9       6      34   0.132   0.249   0.083   12.66    7.94    2.98     0.0    0.25    4.22   19.85    1.49    0.25     0.5     0.0    0.25    2.98    2.48
With_Little_Power_Comes_Great_Resp       671    21.6      18    15.2       6      43   0.173   0.304   0.156   18.62    1.59    3.86     0.0    0.21     3.1    7.86     0.0    0.97    1.03    1.17     0.0    3.59    5.79
metabench                                407    26.8      22    18.9      10      48   0.052   0.155   0.214    6.06    1.65    3.03     0.0    0.18    3.12   21.85    0.73    0.83    0.55    0.28    0.28    0.55    6.43
torch_manual_seed_3407_is_all_you_       151    23.5      20    13.0      10      40   0.073   0.119   0.159    3.39     0.0    5.93     0.0     0.0    1.13    5.93     0.0    0.85    2.54    0.56    0.28    2.54    8.75
----------------------------------------------------------------------------------------------------------------------------------------------------------------------------------------------------------------------------------------------------------
CORPUS MEDIAN (n=33)                     437    19.4    16.0    13.0       7      36   0.161   0.331     0.1    13.1    2.86    2.74     0.0    0.09     2.7   11.86    0.23    0.58    0.43    0.31    0.38    0.56    5.27
*** SNAP (this paper) ***                246    22.3    20.5    11.9       9      39   0.073   0.187   0.126   10.74    1.46    0.91     0.0     0.0     0.0    3.82     0.0    0.36     0.0     0.0    0.18     0.0     2.0
